{
 "cells": [
  {
   "cell_type": "code",
   "execution_count": 1,
   "metadata": {},
   "outputs": [
    {
     "name": "stdout",
     "output_type": "stream",
     "text": [
      "interval columns not set, guessing: ['id', 'price', 'bedrooms', 'bathrooms', 'sqft_living', 'sqft_lot', 'floors', 'waterfront', 'view', 'condition', 'grade', 'sqft_above', 'sqft_basement', 'yr_built', 'yr_renovated', 'zipcode', 'lat', 'long', 'sqft_living15', 'sqft_lot15']\n"
     ]
    },
    {
     "data": {
      "text/html": [
       "<div>\n",
       "<style scoped>\n",
       "    .dataframe tbody tr th:only-of-type {\n",
       "        vertical-align: middle;\n",
       "    }\n",
       "\n",
       "    .dataframe tbody tr th {\n",
       "        vertical-align: top;\n",
       "    }\n",
       "\n",
       "    .dataframe thead th {\n",
       "        text-align: right;\n",
       "    }\n",
       "</style>\n",
       "<table border=\"1\" class=\"dataframe\">\n",
       "  <thead>\n",
       "    <tr style=\"text-align: right;\">\n",
       "      <th></th>\n",
       "      <th>id</th>\n",
       "      <th>date</th>\n",
       "      <th>price</th>\n",
       "      <th>bedrooms</th>\n",
       "      <th>bathrooms</th>\n",
       "      <th>sqft_living</th>\n",
       "      <th>sqft_lot</th>\n",
       "      <th>floors</th>\n",
       "      <th>waterfront</th>\n",
       "      <th>view</th>\n",
       "      <th>...</th>\n",
       "      <th>grade</th>\n",
       "      <th>sqft_above</th>\n",
       "      <th>sqft_basement</th>\n",
       "      <th>yr_built</th>\n",
       "      <th>yr_renovated</th>\n",
       "      <th>zipcode</th>\n",
       "      <th>lat</th>\n",
       "      <th>long</th>\n",
       "      <th>sqft_living15</th>\n",
       "      <th>sqft_lot15</th>\n",
       "    </tr>\n",
       "  </thead>\n",
       "  <tbody>\n",
       "    <tr>\n",
       "      <th>id</th>\n",
       "      <td>1.000000</td>\n",
       "      <td>0.057917</td>\n",
       "      <td>0.071922</td>\n",
       "      <td>0.042775</td>\n",
       "      <td>0.079523</td>\n",
       "      <td>0.079736</td>\n",
       "      <td>0.083328</td>\n",
       "      <td>0.080466</td>\n",
       "      <td>0.007905</td>\n",
       "      <td>0.068590</td>\n",
       "      <td>...</td>\n",
       "      <td>0.112731</td>\n",
       "      <td>0.087144</td>\n",
       "      <td>0.061719</td>\n",
       "      <td>0.162603</td>\n",
       "      <td>0.036099</td>\n",
       "      <td>0.349753</td>\n",
       "      <td>0.265865</td>\n",
       "      <td>0.324206</td>\n",
       "      <td>0.118192</td>\n",
       "      <td>0.094621</td>\n",
       "    </tr>\n",
       "    <tr>\n",
       "      <th>date</th>\n",
       "      <td>0.057917</td>\n",
       "      <td>1.000000</td>\n",
       "      <td>0.000000</td>\n",
       "      <td>0.000000</td>\n",
       "      <td>0.218503</td>\n",
       "      <td>0.000000</td>\n",
       "      <td>0.117694</td>\n",
       "      <td>0.000000</td>\n",
       "      <td>0.000000</td>\n",
       "      <td>0.000000</td>\n",
       "      <td>...</td>\n",
       "      <td>0.046074</td>\n",
       "      <td>0.071037</td>\n",
       "      <td>0.000000</td>\n",
       "      <td>0.059099</td>\n",
       "      <td>0.051535</td>\n",
       "      <td>0.105657</td>\n",
       "      <td>0.089428</td>\n",
       "      <td>0.274107</td>\n",
       "      <td>0.132997</td>\n",
       "      <td>0.445935</td>\n",
       "    </tr>\n",
       "    <tr>\n",
       "      <th>price</th>\n",
       "      <td>0.071922</td>\n",
       "      <td>0.000000</td>\n",
       "      <td>1.000000</td>\n",
       "      <td>0.295426</td>\n",
       "      <td>0.741976</td>\n",
       "      <td>0.897678</td>\n",
       "      <td>0.039998</td>\n",
       "      <td>0.206170</td>\n",
       "      <td>0.418691</td>\n",
       "      <td>0.461042</td>\n",
       "      <td>...</td>\n",
       "      <td>0.655119</td>\n",
       "      <td>0.790851</td>\n",
       "      <td>0.792798</td>\n",
       "      <td>0.114610</td>\n",
       "      <td>0.166395</td>\n",
       "      <td>0.176781</td>\n",
       "      <td>0.340847</td>\n",
       "      <td>0.147703</td>\n",
       "      <td>0.543513</td>\n",
       "      <td>0.000000</td>\n",
       "    </tr>\n",
       "    <tr>\n",
       "      <th>bedrooms</th>\n",
       "      <td>0.042775</td>\n",
       "      <td>0.000000</td>\n",
       "      <td>0.295426</td>\n",
       "      <td>1.000000</td>\n",
       "      <td>0.513440</td>\n",
       "      <td>0.577934</td>\n",
       "      <td>0.000000</td>\n",
       "      <td>0.206289</td>\n",
       "      <td>0.000000</td>\n",
       "      <td>0.101675</td>\n",
       "      <td>...</td>\n",
       "      <td>0.372859</td>\n",
       "      <td>0.504386</td>\n",
       "      <td>0.358870</td>\n",
       "      <td>0.215240</td>\n",
       "      <td>0.016754</td>\n",
       "      <td>0.200912</td>\n",
       "      <td>0.110398</td>\n",
       "      <td>0.207712</td>\n",
       "      <td>0.439733</td>\n",
       "      <td>0.000000</td>\n",
       "    </tr>\n",
       "    <tr>\n",
       "      <th>bathrooms</th>\n",
       "      <td>0.079523</td>\n",
       "      <td>0.218503</td>\n",
       "      <td>0.741976</td>\n",
       "      <td>0.513440</td>\n",
       "      <td>1.000000</td>\n",
       "      <td>0.872038</td>\n",
       "      <td>0.078175</td>\n",
       "      <td>0.467907</td>\n",
       "      <td>0.132932</td>\n",
       "      <td>0.267578</td>\n",
       "      <td>...</td>\n",
       "      <td>0.716540</td>\n",
       "      <td>0.845564</td>\n",
       "      <td>0.730927</td>\n",
       "      <td>0.592173</td>\n",
       "      <td>0.077962</td>\n",
       "      <td>0.335261</td>\n",
       "      <td>0.245160</td>\n",
       "      <td>0.341409</td>\n",
       "      <td>0.613970</td>\n",
       "      <td>0.092823</td>\n",
       "    </tr>\n",
       "    <tr>\n",
       "      <th>sqft_living</th>\n",
       "      <td>0.079736</td>\n",
       "      <td>0.000000</td>\n",
       "      <td>0.897678</td>\n",
       "      <td>0.577934</td>\n",
       "      <td>0.872038</td>\n",
       "      <td>1.000000</td>\n",
       "      <td>0.099387</td>\n",
       "      <td>0.361306</td>\n",
       "      <td>0.182703</td>\n",
       "      <td>0.341497</td>\n",
       "      <td>...</td>\n",
       "      <td>0.751587</td>\n",
       "      <td>0.912003</td>\n",
       "      <td>0.915876</td>\n",
       "      <td>0.369898</td>\n",
       "      <td>0.092678</td>\n",
       "      <td>0.312896</td>\n",
       "      <td>0.210334</td>\n",
       "      <td>0.300795</td>\n",
       "      <td>0.744566</td>\n",
       "      <td>0.115169</td>\n",
       "    </tr>\n",
       "    <tr>\n",
       "      <th>sqft_lot</th>\n",
       "      <td>0.083328</td>\n",
       "      <td>0.117694</td>\n",
       "      <td>0.039998</td>\n",
       "      <td>0.000000</td>\n",
       "      <td>0.078175</td>\n",
       "      <td>0.099387</td>\n",
       "      <td>1.000000</td>\n",
       "      <td>0.036862</td>\n",
       "      <td>0.013989</td>\n",
       "      <td>0.069872</td>\n",
       "      <td>...</td>\n",
       "      <td>0.092050</td>\n",
       "      <td>0.131452</td>\n",
       "      <td>0.056421</td>\n",
       "      <td>0.075533</td>\n",
       "      <td>0.000000</td>\n",
       "      <td>0.086768</td>\n",
       "      <td>0.133683</td>\n",
       "      <td>0.170270</td>\n",
       "      <td>0.060134</td>\n",
       "      <td>0.627690</td>\n",
       "    </tr>\n",
       "    <tr>\n",
       "      <th>floors</th>\n",
       "      <td>0.080466</td>\n",
       "      <td>0.000000</td>\n",
       "      <td>0.206170</td>\n",
       "      <td>0.206289</td>\n",
       "      <td>0.467907</td>\n",
       "      <td>0.361306</td>\n",
       "      <td>0.036862</td>\n",
       "      <td>1.000000</td>\n",
       "      <td>0.030954</td>\n",
       "      <td>0.035377</td>\n",
       "      <td>...</td>\n",
       "      <td>0.371965</td>\n",
       "      <td>0.491357</td>\n",
       "      <td>0.226568</td>\n",
       "      <td>0.619898</td>\n",
       "      <td>0.082263</td>\n",
       "      <td>0.336160</td>\n",
       "      <td>0.248909</td>\n",
       "      <td>0.302391</td>\n",
       "      <td>0.340752</td>\n",
       "      <td>0.035294</td>\n",
       "    </tr>\n",
       "    <tr>\n",
       "      <th>waterfront</th>\n",
       "      <td>0.007905</td>\n",
       "      <td>0.000000</td>\n",
       "      <td>0.418691</td>\n",
       "      <td>0.000000</td>\n",
       "      <td>0.132932</td>\n",
       "      <td>0.182703</td>\n",
       "      <td>0.013989</td>\n",
       "      <td>0.030954</td>\n",
       "      <td>1.000000</td>\n",
       "      <td>0.487415</td>\n",
       "      <td>...</td>\n",
       "      <td>0.152552</td>\n",
       "      <td>0.107584</td>\n",
       "      <td>0.175473</td>\n",
       "      <td>0.043849</td>\n",
       "      <td>0.143569</td>\n",
       "      <td>0.103608</td>\n",
       "      <td>0.044216</td>\n",
       "      <td>0.125806</td>\n",
       "      <td>0.116409</td>\n",
       "      <td>0.000000</td>\n",
       "    </tr>\n",
       "    <tr>\n",
       "      <th>view</th>\n",
       "      <td>0.068590</td>\n",
       "      <td>0.000000</td>\n",
       "      <td>0.461042</td>\n",
       "      <td>0.101675</td>\n",
       "      <td>0.267578</td>\n",
       "      <td>0.341497</td>\n",
       "      <td>0.069872</td>\n",
       "      <td>0.035377</td>\n",
       "      <td>0.487415</td>\n",
       "      <td>1.000000</td>\n",
       "      <td>...</td>\n",
       "      <td>0.316487</td>\n",
       "      <td>0.211113</td>\n",
       "      <td>0.362660</td>\n",
       "      <td>0.101239</td>\n",
       "      <td>0.088816</td>\n",
       "      <td>0.175862</td>\n",
       "      <td>0.161999</td>\n",
       "      <td>0.200407</td>\n",
       "      <td>0.338905</td>\n",
       "      <td>0.057032</td>\n",
       "    </tr>\n",
       "    <tr>\n",
       "      <th>condition</th>\n",
       "      <td>0.071546</td>\n",
       "      <td>0.030876</td>\n",
       "      <td>0.055722</td>\n",
       "      <td>0.064260</td>\n",
       "      <td>0.301410</td>\n",
       "      <td>0.143798</td>\n",
       "      <td>0.068742</td>\n",
       "      <td>0.259440</td>\n",
       "      <td>0.013701</td>\n",
       "      <td>0.065927</td>\n",
       "      <td>...</td>\n",
       "      <td>0.345214</td>\n",
       "      <td>0.251134</td>\n",
       "      <td>0.222150</td>\n",
       "      <td>0.530487</td>\n",
       "      <td>0.055116</td>\n",
       "      <td>0.175571</td>\n",
       "      <td>0.137730</td>\n",
       "      <td>0.192261</td>\n",
       "      <td>0.148680</td>\n",
       "      <td>0.021595</td>\n",
       "    </tr>\n",
       "    <tr>\n",
       "      <th>grade</th>\n",
       "      <td>0.112731</td>\n",
       "      <td>0.046074</td>\n",
       "      <td>0.655119</td>\n",
       "      <td>0.372859</td>\n",
       "      <td>0.716540</td>\n",
       "      <td>0.751587</td>\n",
       "      <td>0.092050</td>\n",
       "      <td>0.371965</td>\n",
       "      <td>0.152552</td>\n",
       "      <td>0.316487</td>\n",
       "      <td>...</td>\n",
       "      <td>1.000000</td>\n",
       "      <td>0.759167</td>\n",
       "      <td>0.361175</td>\n",
       "      <td>0.498591</td>\n",
       "      <td>0.018985</td>\n",
       "      <td>0.323016</td>\n",
       "      <td>0.332405</td>\n",
       "      <td>0.295345</td>\n",
       "      <td>0.728762</td>\n",
       "      <td>0.079034</td>\n",
       "    </tr>\n",
       "    <tr>\n",
       "      <th>sqft_above</th>\n",
       "      <td>0.087144</td>\n",
       "      <td>0.071037</td>\n",
       "      <td>0.790851</td>\n",
       "      <td>0.504386</td>\n",
       "      <td>0.845564</td>\n",
       "      <td>0.912003</td>\n",
       "      <td>0.131452</td>\n",
       "      <td>0.491357</td>\n",
       "      <td>0.107584</td>\n",
       "      <td>0.211113</td>\n",
       "      <td>...</td>\n",
       "      <td>0.759167</td>\n",
       "      <td>1.000000</td>\n",
       "      <td>0.653433</td>\n",
       "      <td>0.498426</td>\n",
       "      <td>0.042127</td>\n",
       "      <td>0.405433</td>\n",
       "      <td>0.201088</td>\n",
       "      <td>0.391405</td>\n",
       "      <td>0.746974</td>\n",
       "      <td>0.152877</td>\n",
       "    </tr>\n",
       "    <tr>\n",
       "      <th>sqft_basement</th>\n",
       "      <td>0.061719</td>\n",
       "      <td>0.000000</td>\n",
       "      <td>0.792798</td>\n",
       "      <td>0.358870</td>\n",
       "      <td>0.730927</td>\n",
       "      <td>0.915876</td>\n",
       "      <td>0.056421</td>\n",
       "      <td>0.226568</td>\n",
       "      <td>0.175473</td>\n",
       "      <td>0.362660</td>\n",
       "      <td>...</td>\n",
       "      <td>0.361175</td>\n",
       "      <td>0.653433</td>\n",
       "      <td>1.000000</td>\n",
       "      <td>0.286798</td>\n",
       "      <td>0.100972</td>\n",
       "      <td>0.188781</td>\n",
       "      <td>0.157554</td>\n",
       "      <td>0.187746</td>\n",
       "      <td>0.384399</td>\n",
       "      <td>0.089360</td>\n",
       "    </tr>\n",
       "    <tr>\n",
       "      <th>yr_built</th>\n",
       "      <td>0.162603</td>\n",
       "      <td>0.059099</td>\n",
       "      <td>0.114610</td>\n",
       "      <td>0.215240</td>\n",
       "      <td>0.592173</td>\n",
       "      <td>0.369898</td>\n",
       "      <td>0.075533</td>\n",
       "      <td>0.619898</td>\n",
       "      <td>0.043849</td>\n",
       "      <td>0.101239</td>\n",
       "      <td>...</td>\n",
       "      <td>0.498591</td>\n",
       "      <td>0.498426</td>\n",
       "      <td>0.286798</td>\n",
       "      <td>1.000000</td>\n",
       "      <td>0.302272</td>\n",
       "      <td>0.619674</td>\n",
       "      <td>0.444881</td>\n",
       "      <td>0.541610</td>\n",
       "      <td>0.405671</td>\n",
       "      <td>0.064402</td>\n",
       "    </tr>\n",
       "    <tr>\n",
       "      <th>yr_renovated</th>\n",
       "      <td>0.036099</td>\n",
       "      <td>0.051535</td>\n",
       "      <td>0.166395</td>\n",
       "      <td>0.016754</td>\n",
       "      <td>0.077962</td>\n",
       "      <td>0.092678</td>\n",
       "      <td>0.000000</td>\n",
       "      <td>0.082263</td>\n",
       "      <td>0.143569</td>\n",
       "      <td>0.088816</td>\n",
       "      <td>...</td>\n",
       "      <td>0.018985</td>\n",
       "      <td>0.042127</td>\n",
       "      <td>0.100972</td>\n",
       "      <td>0.302272</td>\n",
       "      <td>1.000000</td>\n",
       "      <td>0.111430</td>\n",
       "      <td>0.076937</td>\n",
       "      <td>0.107714</td>\n",
       "      <td>0.000000</td>\n",
       "      <td>0.000000</td>\n",
       "    </tr>\n",
       "    <tr>\n",
       "      <th>zipcode</th>\n",
       "      <td>0.349753</td>\n",
       "      <td>0.105657</td>\n",
       "      <td>0.176781</td>\n",
       "      <td>0.200912</td>\n",
       "      <td>0.335261</td>\n",
       "      <td>0.312896</td>\n",
       "      <td>0.086768</td>\n",
       "      <td>0.336160</td>\n",
       "      <td>0.103608</td>\n",
       "      <td>0.175862</td>\n",
       "      <td>...</td>\n",
       "      <td>0.323016</td>\n",
       "      <td>0.405433</td>\n",
       "      <td>0.188781</td>\n",
       "      <td>0.619674</td>\n",
       "      <td>0.111430</td>\n",
       "      <td>1.000000</td>\n",
       "      <td>0.792253</td>\n",
       "      <td>0.785598</td>\n",
       "      <td>0.442037</td>\n",
       "      <td>0.112761</td>\n",
       "    </tr>\n",
       "    <tr>\n",
       "      <th>lat</th>\n",
       "      <td>0.265865</td>\n",
       "      <td>0.089428</td>\n",
       "      <td>0.340847</td>\n",
       "      <td>0.110398</td>\n",
       "      <td>0.245160</td>\n",
       "      <td>0.210334</td>\n",
       "      <td>0.133683</td>\n",
       "      <td>0.248909</td>\n",
       "      <td>0.044216</td>\n",
       "      <td>0.161999</td>\n",
       "      <td>...</td>\n",
       "      <td>0.332405</td>\n",
       "      <td>0.201088</td>\n",
       "      <td>0.157554</td>\n",
       "      <td>0.444881</td>\n",
       "      <td>0.076937</td>\n",
       "      <td>0.792253</td>\n",
       "      <td>1.000000</td>\n",
       "      <td>0.489357</td>\n",
       "      <td>0.284643</td>\n",
       "      <td>0.141580</td>\n",
       "    </tr>\n",
       "    <tr>\n",
       "      <th>long</th>\n",
       "      <td>0.324206</td>\n",
       "      <td>0.274107</td>\n",
       "      <td>0.147703</td>\n",
       "      <td>0.207712</td>\n",
       "      <td>0.341409</td>\n",
       "      <td>0.300795</td>\n",
       "      <td>0.170270</td>\n",
       "      <td>0.302391</td>\n",
       "      <td>0.125806</td>\n",
       "      <td>0.200407</td>\n",
       "      <td>...</td>\n",
       "      <td>0.295345</td>\n",
       "      <td>0.391405</td>\n",
       "      <td>0.187746</td>\n",
       "      <td>0.541610</td>\n",
       "      <td>0.107714</td>\n",
       "      <td>0.785598</td>\n",
       "      <td>0.489357</td>\n",
       "      <td>1.000000</td>\n",
       "      <td>0.432372</td>\n",
       "      <td>0.193991</td>\n",
       "    </tr>\n",
       "    <tr>\n",
       "      <th>sqft_living15</th>\n",
       "      <td>0.118192</td>\n",
       "      <td>0.132997</td>\n",
       "      <td>0.543513</td>\n",
       "      <td>0.439733</td>\n",
       "      <td>0.613970</td>\n",
       "      <td>0.744566</td>\n",
       "      <td>0.060134</td>\n",
       "      <td>0.340752</td>\n",
       "      <td>0.116409</td>\n",
       "      <td>0.338905</td>\n",
       "      <td>...</td>\n",
       "      <td>0.728762</td>\n",
       "      <td>0.746974</td>\n",
       "      <td>0.384399</td>\n",
       "      <td>0.405671</td>\n",
       "      <td>0.000000</td>\n",
       "      <td>0.442037</td>\n",
       "      <td>0.284643</td>\n",
       "      <td>0.432372</td>\n",
       "      <td>1.000000</td>\n",
       "      <td>0.085986</td>\n",
       "    </tr>\n",
       "    <tr>\n",
       "      <th>sqft_lot15</th>\n",
       "      <td>0.094621</td>\n",
       "      <td>0.445935</td>\n",
       "      <td>0.000000</td>\n",
       "      <td>0.000000</td>\n",
       "      <td>0.092823</td>\n",
       "      <td>0.115169</td>\n",
       "      <td>0.627690</td>\n",
       "      <td>0.035294</td>\n",
       "      <td>0.000000</td>\n",
       "      <td>0.057032</td>\n",
       "      <td>...</td>\n",
       "      <td>0.079034</td>\n",
       "      <td>0.152877</td>\n",
       "      <td>0.089360</td>\n",
       "      <td>0.064402</td>\n",
       "      <td>0.000000</td>\n",
       "      <td>0.112761</td>\n",
       "      <td>0.141580</td>\n",
       "      <td>0.193991</td>\n",
       "      <td>0.085986</td>\n",
       "      <td>1.000000</td>\n",
       "    </tr>\n",
       "  </tbody>\n",
       "</table>\n",
       "<p>21 rows × 21 columns</p>\n",
       "</div>"
      ],
      "text/plain": [
       "                     id      date     price  bedrooms  bathrooms  sqft_living  \\\n",
       "id             1.000000  0.057917  0.071922  0.042775   0.079523     0.079736   \n",
       "date           0.057917  1.000000  0.000000  0.000000   0.218503     0.000000   \n",
       "price          0.071922  0.000000  1.000000  0.295426   0.741976     0.897678   \n",
       "bedrooms       0.042775  0.000000  0.295426  1.000000   0.513440     0.577934   \n",
       "bathrooms      0.079523  0.218503  0.741976  0.513440   1.000000     0.872038   \n",
       "sqft_living    0.079736  0.000000  0.897678  0.577934   0.872038     1.000000   \n",
       "sqft_lot       0.083328  0.117694  0.039998  0.000000   0.078175     0.099387   \n",
       "floors         0.080466  0.000000  0.206170  0.206289   0.467907     0.361306   \n",
       "waterfront     0.007905  0.000000  0.418691  0.000000   0.132932     0.182703   \n",
       "view           0.068590  0.000000  0.461042  0.101675   0.267578     0.341497   \n",
       "condition      0.071546  0.030876  0.055722  0.064260   0.301410     0.143798   \n",
       "grade          0.112731  0.046074  0.655119  0.372859   0.716540     0.751587   \n",
       "sqft_above     0.087144  0.071037  0.790851  0.504386   0.845564     0.912003   \n",
       "sqft_basement  0.061719  0.000000  0.792798  0.358870   0.730927     0.915876   \n",
       "yr_built       0.162603  0.059099  0.114610  0.215240   0.592173     0.369898   \n",
       "yr_renovated   0.036099  0.051535  0.166395  0.016754   0.077962     0.092678   \n",
       "zipcode        0.349753  0.105657  0.176781  0.200912   0.335261     0.312896   \n",
       "lat            0.265865  0.089428  0.340847  0.110398   0.245160     0.210334   \n",
       "long           0.324206  0.274107  0.147703  0.207712   0.341409     0.300795   \n",
       "sqft_living15  0.118192  0.132997  0.543513  0.439733   0.613970     0.744566   \n",
       "sqft_lot15     0.094621  0.445935  0.000000  0.000000   0.092823     0.115169   \n",
       "\n",
       "               sqft_lot    floors  waterfront      view  ...     grade  \\\n",
       "id             0.083328  0.080466    0.007905  0.068590  ...  0.112731   \n",
       "date           0.117694  0.000000    0.000000  0.000000  ...  0.046074   \n",
       "price          0.039998  0.206170    0.418691  0.461042  ...  0.655119   \n",
       "bedrooms       0.000000  0.206289    0.000000  0.101675  ...  0.372859   \n",
       "bathrooms      0.078175  0.467907    0.132932  0.267578  ...  0.716540   \n",
       "sqft_living    0.099387  0.361306    0.182703  0.341497  ...  0.751587   \n",
       "sqft_lot       1.000000  0.036862    0.013989  0.069872  ...  0.092050   \n",
       "floors         0.036862  1.000000    0.030954  0.035377  ...  0.371965   \n",
       "waterfront     0.013989  0.030954    1.000000  0.487415  ...  0.152552   \n",
       "view           0.069872  0.035377    0.487415  1.000000  ...  0.316487   \n",
       "condition      0.068742  0.259440    0.013701  0.065927  ...  0.345214   \n",
       "grade          0.092050  0.371965    0.152552  0.316487  ...  1.000000   \n",
       "sqft_above     0.131452  0.491357    0.107584  0.211113  ...  0.759167   \n",
       "sqft_basement  0.056421  0.226568    0.175473  0.362660  ...  0.361175   \n",
       "yr_built       0.075533  0.619898    0.043849  0.101239  ...  0.498591   \n",
       "yr_renovated   0.000000  0.082263    0.143569  0.088816  ...  0.018985   \n",
       "zipcode        0.086768  0.336160    0.103608  0.175862  ...  0.323016   \n",
       "lat            0.133683  0.248909    0.044216  0.161999  ...  0.332405   \n",
       "long           0.170270  0.302391    0.125806  0.200407  ...  0.295345   \n",
       "sqft_living15  0.060134  0.340752    0.116409  0.338905  ...  0.728762   \n",
       "sqft_lot15     0.627690  0.035294    0.000000  0.057032  ...  0.079034   \n",
       "\n",
       "               sqft_above  sqft_basement  yr_built  yr_renovated   zipcode  \\\n",
       "id               0.087144       0.061719  0.162603      0.036099  0.349753   \n",
       "date             0.071037       0.000000  0.059099      0.051535  0.105657   \n",
       "price            0.790851       0.792798  0.114610      0.166395  0.176781   \n",
       "bedrooms         0.504386       0.358870  0.215240      0.016754  0.200912   \n",
       "bathrooms        0.845564       0.730927  0.592173      0.077962  0.335261   \n",
       "sqft_living      0.912003       0.915876  0.369898      0.092678  0.312896   \n",
       "sqft_lot         0.131452       0.056421  0.075533      0.000000  0.086768   \n",
       "floors           0.491357       0.226568  0.619898      0.082263  0.336160   \n",
       "waterfront       0.107584       0.175473  0.043849      0.143569  0.103608   \n",
       "view             0.211113       0.362660  0.101239      0.088816  0.175862   \n",
       "condition        0.251134       0.222150  0.530487      0.055116  0.175571   \n",
       "grade            0.759167       0.361175  0.498591      0.018985  0.323016   \n",
       "sqft_above       1.000000       0.653433  0.498426      0.042127  0.405433   \n",
       "sqft_basement    0.653433       1.000000  0.286798      0.100972  0.188781   \n",
       "yr_built         0.498426       0.286798  1.000000      0.302272  0.619674   \n",
       "yr_renovated     0.042127       0.100972  0.302272      1.000000  0.111430   \n",
       "zipcode          0.405433       0.188781  0.619674      0.111430  1.000000   \n",
       "lat              0.201088       0.157554  0.444881      0.076937  0.792253   \n",
       "long             0.391405       0.187746  0.541610      0.107714  0.785598   \n",
       "sqft_living15    0.746974       0.384399  0.405671      0.000000  0.442037   \n",
       "sqft_lot15       0.152877       0.089360  0.064402      0.000000  0.112761   \n",
       "\n",
       "                    lat      long  sqft_living15  sqft_lot15  \n",
       "id             0.265865  0.324206       0.118192    0.094621  \n",
       "date           0.089428  0.274107       0.132997    0.445935  \n",
       "price          0.340847  0.147703       0.543513    0.000000  \n",
       "bedrooms       0.110398  0.207712       0.439733    0.000000  \n",
       "bathrooms      0.245160  0.341409       0.613970    0.092823  \n",
       "sqft_living    0.210334  0.300795       0.744566    0.115169  \n",
       "sqft_lot       0.133683  0.170270       0.060134    0.627690  \n",
       "floors         0.248909  0.302391       0.340752    0.035294  \n",
       "waterfront     0.044216  0.125806       0.116409    0.000000  \n",
       "view           0.161999  0.200407       0.338905    0.057032  \n",
       "condition      0.137730  0.192261       0.148680    0.021595  \n",
       "grade          0.332405  0.295345       0.728762    0.079034  \n",
       "sqft_above     0.201088  0.391405       0.746974    0.152877  \n",
       "sqft_basement  0.157554  0.187746       0.384399    0.089360  \n",
       "yr_built       0.444881  0.541610       0.405671    0.064402  \n",
       "yr_renovated   0.076937  0.107714       0.000000    0.000000  \n",
       "zipcode        0.792253  0.785598       0.442037    0.112761  \n",
       "lat            1.000000  0.489357       0.284643    0.141580  \n",
       "long           0.489357  1.000000       0.432372    0.193991  \n",
       "sqft_living15  0.284643  0.432372       1.000000    0.085986  \n",
       "sqft_lot15     0.141580  0.193991       0.085986    1.000000  \n",
       "\n",
       "[21 rows x 21 columns]"
      ]
     },
     "execution_count": 1,
     "metadata": {},
     "output_type": "execute_result"
    }
   ],
   "source": [
    "import phik\n",
    "import pandas as pd\n",
    "\n",
    "# load dataset\n",
    "df = pd.read_csv(\"houses.csv\")\n",
    "\n",
    "# Calculate the Phik correlation matrix\n",
    "phik_matrix = df.phik_matrix()\n",
    "\n",
    "# Display the correlation matrix\n",
    "phik_matrix"
   ]
  }
 ],
 "metadata": {
  "kernelspec": {
   "display_name": ".venv",
   "language": "python",
   "name": "python3"
  },
  "language_info": {
   "codemirror_mode": {
    "name": "ipython",
    "version": 3
   },
   "file_extension": ".py",
   "mimetype": "text/x-python",
   "name": "python",
   "nbconvert_exporter": "python",
   "pygments_lexer": "ipython3",
   "version": "3.10.11"
  }
 },
 "nbformat": 4,
 "nbformat_minor": 2
}
